1 0.4,1.37,7.93
1 0.4,1.37,7.93
0 -0.8,1.37,7.93
0 -0.8,1.37,7.93
1 0.4,1.37,7.93
1 0.4,1.37,7.93
0 -0.8,1.37,7.93
0 -0.8,1.37,7.93
1 0.4,1.37,7.93
1 0.4,1.37,7.93
2 -0.8,1.37,7.93
0 -0.8,1.37,7.93
1 0.4,1.37,7.93
1 0.4,1.37,7.93
0 -0.8,1.37,7.93
0 -0.8,1.37,7.93
1 0.4,1.37,7.93
1 0.4,1.37,7.93
0 -0.8,1.37,7.93
0 -0.8,1.37,7.93
1 0.4,1.37,7.93
1 0.4,1.37,7.93
0 -0.8,1.37,7.93
2 -0.8,1.37,7.93
1 0.4,1.37,7.93
1 0.4,1.37,7.93
0 -0.8,1.37,7.93
0 -0.8,1.37,7.93
1 0.4,1.37,7.93
1 0.4,1.37,7.93
0 -0.8,1.37,7.93
0 -0.8,1.37,7.93
1 0.4,1.37,7.93
1 0.4,1.37,7.93
0 -0.8,1.37,7.93
0 -0.8,1.37,7.93
1 0.4,1.37,7.93
1 0.4,1.37,7.93
0 -0.8,1.37,7.93
0 -0.8,1.37,7.93
1 0.4,1.372,7.93
1 0.4,1.37,7.93
2 -0.8,1.37,7.93
0 -0.8,1.37,7.93
1 0.4,1.372,7.93
1 0.4,1.37,7.93
0 -0.8,1.37,7.93
0 -0.8,1.37,7.93
1 0.4,1.37,7.93
1 0.4,1.37,7.93
0 -0.8,1.37,7.93
0 -0.8,1.37,7.93
1 0.4,1.37,7.93
1 0.4,1.37,7.93
0 -0.8,1.37,7.93
0 -0.8,1.37,7.93
1 0.4,1.37,7.93
1 0.4,1.37,7.93
0 -0.8,1.37,7.93
0 -0.8,1.37,7.93
1 0.4,1.37,7.93
1 0.4,1.37,7.93
0 -0.8,1.37,7.93
2 -0.8,1.37,7.93
1 0.4,1.37,7.93
1 0.4,1.37,7.93
0 -0.8,1.37,7.93
0 -0.8,1.37,7.93
1 0.4,1.37,7.93
1 0.4,1.37,7.93
0 -0.8,1.37,7.93
0 -0.8,1.37,7.93
1 0.4,1.37,7.93
1 0.4,1.37,7.93 0 -0.8,1.37,7.93
0 -0.8,1.37,7.93
0 -0.8,1.37,7.93
1 0.4,1.37,7.93
1 0.4,1.37,7.93
0 -0.8,1.37,7.93
0 -0.8,1.37,7.93 1 0.4,1.37,7.93
1 0.4,1.37,7.93
1 0.4,1.37,7.93
0 -0.8,1.37,7.93
0 -0.8,1.37,7.93
1 0.4,1.37,7.93
1 0.4,1.37,7.93
0 -0.8,1.37,7.93
0 -0.8,1.37,7.93
1 0.4,1.37,7.93
1 0.4,1.37,7.93
0 -0.8,1.37,7.93
2 -0.8,1.37,7.93
1 0.4,1.37,7.93
1 0.4,1.37,7.93
0 -0.8,1.37,7.93
0 -0.8,1.37,7.93
1 0.4,1.37,7.93
1 0.4,1.37,7.93
0 -0.8,1.37,7.93
0 -0.8,1.37,7.93
1 0.4,1.37,7.93
1 0.4,1.37,7.93
0 -0.8,1.37,7.93
0 -0.8,1.37,7.93
1 0.4,1.37,7.93
1 0.4,1.37,7.93
0 -0.8,1.37,7.93
0 -0.8,1.37,7.93
1 0.4,1.37,7.93
1 0.4,1.37,7.93
2 -0.8,1.37,7.93
0 -0.8,1.37,7.93
1 0.4,1.37,7.93
1 0.4,1.37,7.93 0 -0.8,1.37,7.93
0 -0.8,1.37,7.93
0 -0.8,1.37,7.93
1 0.4,1.37,7.93
1 0.4,1.37,7.93
0 -0.8,1.37,7.93
0 -0.8,1.37,7.93
1 0.4,1.37,7.93
1 0.4,1.37,7.93
0 -0.8,1.37,7.93
0 -0.8,1.37,7.93
1 0.4,1.37,7.93
1 0.4,1.37,7.93
0 -0.8,1.37,7.93
0 -0.8,1.37,7.93
1 0.4,1.37,7.93
1 0.4,1.37,7.93
0 -0.8,1.37,7.93
0 -0.8,1.37,7.93
1 0.4,1.37,7.93
1 0.4,1.37,7.93
0 -0.8,1.37,7.93
2 -0.8,1.37,7.93
1 0.4,1.37,7.93
1 0.4,1.37,7.93
0 -0.8,1.37,7.93
0 -0.8,1.37,7.93
1 0.4,1.37,7.93
1 0.4,1.37,7.93
0 -0.8,1.37,7.93
0 -0.8,1.37,7.93
1 0.4,1.37,7.93
1 0.4,1.37,7.93 0 -0.8,1.37,7.93
0 -0.8,1.37,7.93
0 -0.8,1.37,7.93
1 0.4,1.37,7.93
1 0.4,1.37,7.93
0 -0.8,1.37,7.93
0 -0.8,1.37,7.93
1 0.4,1.37,7.93
1 0.4,1.37,7.93
2 -0.8,1.37,7.93
0 -0.8,1.37,7.93
1 0.4,1.37,7.93
1 0.4,1.37,7.93
0 -0.8,1.37,7.93
0 -0.8,1.37,7.93
1 0.4,1.37,7.93
1 0.4,1.37,7.93
0 -0.8,1.37,7.93
0 -0.8,1.37,7.93
1 0.4,1.37,7.93
1 0.4,1.37,7.93
0 -0.8,1.37,7.93
0 -0.8,1.37,7.93
1 0.4,1.37,7.93
1 0.4,1.37,7.93
0 -0.8,1.37,7.93
0 -0.8,1.37,7.93
1 0.4,1.37,7.93
1 0.4,1.37,7.93
0 -0.8,1.37,7.93
0 -0.8,1.37,7.93
1 0.4,1.37,7.93
1 0.4,1.37,7.93
2 -0.8,1.37,7.93
0 -0.8,1.37,7.93
1 0.4,1.37,7.93
1 0.4,1.37,7.93
0 -0.8,1.37,7.93
0 -0.8,1.37,7.93
1 0.4,1.37,7.93
1 0.4,1.37,7.93
0 -0.8,1.37,7.93
0 -0.8,1.37,7.93
1 0.4,1.37,7.93
1 0.4,1.37,7.93
0 -0.8,1.37,7.93
0 -0.8,1.37,7.93
1 0.4,1.37,7.93
1 0.4,1.37,7.93
0 -0.8,1.37,7.93
0 -0.8,1.37,7.93
1 0.4,1.37,7.93
1 0.4,1.37,7.93
0 -0.8,1.37,7.93
0 -0.8,1.37,7.93
1 0.4,1.37,7.93
1 0.4,1.37,7.93
2 -0.8,1.37,7.93
0 -0.8,1.37,7.93
1 0.4,1.37,7.93
1 0.4,1.37,7.93
0 -0.8,1.37,7.93
0 -0.8,1.37,7.93
1 0.4,1.37,7.93
1 0.4,1.37,7.93
0 -0.8,1.37,7.93
0 -0.8,1.37,7.93
1 0.4,1.37,7.93
1 0.4,1.37,7.93
0 -0.8,1.37,7.93
0 -0.8,1.37,7.93
1 0.4,1.37,7.93
1 0.4,1.37,7.93
0 -0.8,1.37,7.93
0 -0.8,1.37,7.93
1 0.4,1.37,7.93
1 0.4,1.37,7.93
0 -0.8,1.37,7.93
0 -0.8,1.37,7.93
1 0.4,1.37,7.93
1 0.4,1.37,7.93
0 -0.8,1.37,7.93
0 -0.8,1.37,7.93
1 0.4,1.37,7.93
1 0.4,1.37,7.93
0 -0.8,1.37,7.93
0 -0.8,1.37,7.93
1 0.4,1.37,7.93
1 0.4,1.37,7.93 2 -0.8,1.37,7.93
0 -0.8,1.37,7.93
0 -0.8,1.37,7.93
1 0.4,1.37,7.93
1 0.4,1.37,7.93 0 -0.8,1.37,7.93
0 -0.8,1.37,7.93
0 -0.8,1.37,7.93
1 0.4,1.37,7.93
1 0.4,1.37,7.93 0 -0.8,1.37,7.93
0 -0.8,1.37,7.93
0 -0.8,1.37,7.93
1 0.4,1.37,7.93
1 0.4,1.37,7.93 2 -0.8,1.37,7.93
0 -0.8,1.37,7.93
0 -0.8,1.37,7.93
1 0.4,1.37,7.93
1 0.4,1.37,7.93 0 -0.8,1.37,7.93
0 -0.8,1.37,7.93
0 -0.8,1.37,7.93
1 0.4,1.37,7.93
1 0.4,1.37,7.93 0 -0.8,1.37,7.93
0 -0.8,1.37,7.93
0 -0.8,1.37,7.93
1 0.4,1.37,7.93
1 0.4,1.37,7.93 0 -0.8,1.37,7.93
0 -0.8,1.37,7.93
0 -0.8,1.37,7.93
1 0.4,1.37,7.93
1 0.4,1.37,7.93 0 -0.8,1.37,7.93
0 -0.8,1.37,7.93
0 -0.8,1.37,7.93
1 0.4,1.37,7.93
1 0.4,1.37,7.93 2 -0.8,1.37,7.93
0 -0.8,1.37,7.93
0 -0.8,1.37,7.93
1 0.4,1.37,7.93
1 0.4,1.37,7.93 0 -0.8,1.37,7.93
0 -0.8,1.37,7.93
0 -0.8,1.37,7.93
1 0.4,1.37,7.93
1 0.4,1.37,7.93 0 -0.8,1.37,7.93
0 -0.8,1.37,7.93
0 -0.8,1.37,7.93
1 0.4,1.37,7.93
1 0.4,1.37,7.93 0 -0.8,1.37,7.93
0 -0.8,1.37,7.93
0 -0.8,1.37,7.93
1 0.4,1.37,7.93
1 0.4,1.37,7.93 0 -0.8,1.37,7.93
0 -0.8,1.37,7.93
0 -0.8,1.37,7.93
1 0.4,1.37,7.93
1 0.4,1.37,7.93 2 -0.8,1.37,7.93
0 -0.8,1.37,7.93
0 -0.8,1.37,7.93
1 0.4,1.37,7.93
1 0.4,1.37,7.93 0 -0.8,1.37,7.93
0 -0.8,1.37,7.93
0 -0.8,1.37,7.93
1 0.4,1.37,7.93
1 0.4,1.37,7.93 0 -0.8,1.37,7.93
0 -0.8,1.37,7.93
0 -0.8,1.37,7.93
1 0.4,1.37,7.93
1 0.4,1.37,7.93 0 -0.8,1.37,7.93
0 -0.8,1.37,7.93
0 -0.8,1.37,7.93
1 0.4,1.37,7.93
1 0.4,1.37,7.93 0 -0.8,1.37,7.93
0 -0.8,1.37,7.93
0 -0.8,1.37,7.93
1 0.4,1.37,7.93
2 0.4,1.37,7.93 -0.8,1.37,7.93
0 -0.8,1.37,7.93
0 -0.8,1.37,7.93
1 0.4,1.37,7.93
1 0.4,1.37,7.93 -0.8,1.37,7.93
0 -0.8,1.37,7.93
0 -0.8,1.37,7.93
1 0.4,1.37,7.93
1 0.4,1.37,7.93
0 -0.8,1.37,7.93
0 -0.8,1.37,7.93
1 0.4,1.37,7.93
1 0.4,1.37,7.93
0 -0.8,1.37,7.93
0 -0.8,1.37,7.93
1 0.4,1.37,7.93
1 0.4,1.37,7.93
0 -0.8,1.37,7.93
2 -0.8,1.37,7.93
1 0.4,1.37,7.93
1 0.4,1.37,7.93
0 -0.8,1.37,7.93
0 -0.8,1.37,7.93
1 0.4,1.37,7.93
1 0.4,1.37,7.93
0 -0.8,1.37,7.93
0 -0.8,1.37,7.93
1 0.4,1.37,7.93
1 0.4,1.37,7.93
0 -0.8,1.37,7.93
0 -0.8,1.37,7.93
1 0.4,1.37,7.93
1 0.4,1.37,7.93
0 -0.8,1.37,7.93
0 -0.8,1.37,7.93
1 0.4,1.37,7.93
1 0.4,1.37,7.93
2 -0.8,1.37,7.93
0 -0.8,1.37,7.93
1 0.4,1.37,7.93
1 0.4,1.37,7.93
0 -0.8,1.37,7.93
0 -0.8,1.37,7.93
1 0.4,1.37,7.93
1 0.4,1.37,7.93
0 -0.8,1.37,7.93
0 -0.8,1.37,7.93
1 0.4,1.37,7.93
1 0.4,1.37,7.93
0 -0.8,1.37,7.93
0 -0.8,1.37,7.93
1 0.4,1.37,7.93
1 0.4,1.37,7.93
0 -0.8,1.37,7.93
0 -0.8,1.37,7.93
1 0.4,1.37,7.93
1 0.4,1.37,7.93
0 -0.8,1.37,7.93
0 -0.8,1.37,7.93
2 0.4,1.37,7.93
1 0.4,1.37,7.93
0 -0.8,1.37,7.93
0 -0.8,1.37,7.93
1 0.4,1.37,7.93
1 0.4,1.37,7.93
0 -0.8,1.37,7.93
0 -0.8,1.37,7.93
1 0.4,1.37,7.93
1 0.4,1.37,7.93
0 -0.8,1.37,7.93
0 -0.8,1.37,7.93
1 0.4,1.37,7.93
1 0.4,1.37,7.93
0 -0.8,1.37,7.93
0 -0.8,1.37,7.93
1 0.4,1.37,7.93
1 0.4,1.37,7.93
0 -0.8,1.37,7.93 
0 -0.8,1.37,7.93
1 0.4,1.37,7.93
1 0.4,1.37,7.93
0 -0.8,1.37,7.93 1 0.4,1.37,7.93
0 -0.8,1.37,7.93 
1 0.4,1.37,7.93
1 0.4,1.37,7.93
0 -0.8,1.37,7.93 2 0.4,1.37,7.93
0 -0.8,1.37,7.93 
1 0.4,1.37,7.93
1 0.4,1.37,7.93
0 -0.8,1.37,7.93 1 0.4,1.37,7.93
0 -0.8,1.37,7.93 
1 0.4,1.37,7.93
1 0.4,1.37,7.93
0 -0.8,1.37,7.93 1 0.4,1.37,7.93
0 -0.8,1.37,7.93 
1 0.4,1.37,7.93
1 0.4,1.37,7.93
0 -0.8,1.37,7.93 2 0.4,1.37,7.93
0 -0.8,1.37,7.93 
1 0.4,1.37,7.93
1 0.4,1.37,7.93
0 -0.8,1.37,7.93 1 0.4,1.37,7.93
0 -0.8,1.37,7.93 
1 0.4,1.37,7.93
1 0.4,1.37,7.93
0 -0.8,1.37,7.93 1 0.4,1.37,7.93
0 -0.8,1.37,7.93 
1 0.4,1.37,7.93
1 0.4,1.37,7.93
0 -0.8,1.37,7.93 1 0.4,1.37,7.93
0 -0.8,1.37,7.93 
1 0.4,1.37,7.93
1 0.4,1.37,7.93
0 -0.8,1.37,7.93 1 0.4,1.37,7.93
0 -0.8,1.37,7.93 
1 0.4,1.37,7.93
1 0.4,1.37,7.93
0 -0.8,1.37,7.93 1 0.4,1.37,7.93
0 -0.8,1.37,7.93 
1 0.4,1.37,7.93
1 0.4,1.37,7.93
0 -0.8,1.37,7.93 1 0.4,1.37,7.93
2 -0.8,1.37,7.93 
1 0.4,1.37,7.93
1 0.4,1.37,7.93
0 -0.8,1.37,7.93 2 0.4,1.37,7.93
0 -0.8,1.37,7.93 
1 0.4,1.37,7.93
1 0.4,1.37,7.93
0 -0.8,1.37,7.93 1 0.4,1.37,7.93
0 -0.8,1.37,7.93 
1 0.4,1.37,7.93
1 0.4,1.37,7.93
0 -0.8,1.37,7.93 1 0.4,1.37,7.93
0 -0.8,1.37,7.93 
1 0.4,1.37,7.93
1 0.4,1.37,7.93
2 -0.8,1.37,7.93 1 0.4,1.37,7.93
0 -0.8,1.37,7.93 
1 0.4,1.37,7.93
1 0.4,1.37,7.93
0 -0.8,1.37,7.93 1 0.4,1.37,7.93
0 -0.8,1.37,7.93 
1 0.4,1.37,7.93
1 0.4,1.37,7.93
0 -0.8,1.37,7.93 1 0.4,1.37,7.93
0 -0.8,1.37,7.93 
1 0.4,1.37,7.93
1 0.4,1.37,7.93
2 -0.8,1.37,7.93 1 0.4,1.37,7.93
0 -0.8,1.37,7.93 
1 0.4,1.37,7.93
1 0.4,1.37,7.93
0 -0.8,1.37,7.93 1 0.4,1.37,7.93
0 -0.8,1.37,7.93 
1 0.4,1.37,7.93
1 0.4,1.37,7.93
0 -0.8,1.37,7.93 1 0.4,1.37,7.93
0 -0.8,1.37,7.93 
1 0.4,1.37,7.93
1 0.4,1.37,7.93
2 -0.8,1.37,7.93 1 0.4,1.37,7.93
0 -0.8,1.37,7.93 
1 0.4,1.37,7.93
1 0.4,1.37,7.93
0 -0.8,1.37,7.93 1 0.4,1.37,7.93
0 -0.8,1.37,7.93 
1 0.4,1.37,7.93
1 0.4,1.37,7.93
0 -0.8,1.37,7.93 1 0.4,1.37,7.93
0 -0.8,1.37,7.93 
1 0.4,1.37,7.93
1 0.4,1.37,7.93
0 -0.8,1.37,7.93 2 0.4,1.37,7.93
0 -0.8,1.37,7.93 
1 0.4,1.37,7.93
1 0.4,1.37,7.93
0 -0.8,1.37,7.93 1 0.4,1.37,7.93
0 -0.8,1.37,7.93 
1 0.4,1.37,7.93
1 0.4,1.37,7.93
0 -0.8,1.37,7.93
0 -0.8,1.37,7.93
1 0.4,1.37,7.93
1 0.4,1.37,7.93
2 -0.8,1.37,7.93
0 -0.8,1.37,7.93
1 0.4,1.37,7.93
1 0.4,1.37,7.93 0 -0.8,1.37,7.93
0 -0.8,1.37,7.93
0 -0.8,1.37,7.93
1 0.4,1.37,7.93
1 0.4,1.37,7.93 0 -0.8,1.37,7.93
0 -0.8,1.37,7.93
0 -0.8,1.37,7.93
1 0.4,1.37,7.93
2 0.4,1.37,7.93 0 -0.8,1.37,7.93
0 -0.8,1.37,7.93
0 -0.8,1.37,7.93
1 0.4,1.37,7.93
1 0.4,1.37,7.93 0 -0.8,1.37,7.93
0 -0.8,1.37,7.93
0 -0.8,1.37,7.93
1 0.4,1.37,7.93
1 0.4,1.37,7.93 0 -0.8,1.37,7.93
0 -0.8,1.37,7.93
0 -0.8,1.37,7.93
1 0.4,1.37,7.93
1 0.4,1.37,7.93 0 -0.8,1.37,7.93
0 -0.8,1.37,7.93
0 -0.8,1.37,7.93
1 0.4,1.37,7.93
1 0.4,1.37,7.93 0 -0.8,1.37,7.93
0 -0.8,1.37,7.93
0 -0.8,1.37,7.93
1 0.4,1.37,7.93
1 0.4,1.37,7.93 2 -0.8,1.37,7.93
0 -0.8,1.37,7.93
0 -0.8,1.37,7.93
1 0.4,1.37,7.93
1 0.4,1.37,7.93 0 -0.8,1.37,7.93
0 -0.8,1.37,7.93
0 -0.8,1.37,7.93
1 0.4,1.37,7.93
1 0.4,1.37,7.93 0 -0.8,1.37,7.93
0 -0.8,1.37,7.93
0 -0.8,1.37,7.93
1 0.4,1.37,7.93
2 0.4,1.37,7.93
0 -0.8,1.37,7.93
0 -0.8,1.37,7.93
1 0.4,1.37,7.93
1 0.4,1.37,7.93
2 -0.8,1.37,7.93
0 -0.8,1.37,7.93
1 0.4,1.37,7.93
1 0.4,1.37,7.93
0 -0.8,1.37,7.93
0 -0.8,1.37,7.93
1 0.4,1.37,7.93
1 0.4,1.37,7.93
0 -0.8,1.37,7.93 1 0.4,1.37,7.93
0 -0.8,1.37,7.93
1 0.4,1.37,7.93
1 0.4,1.37,7.93
0 -0.8,1.37,7.93 1 0.4,1.37,7.93
0 -0.8,1.37,7.93
1 0.4,1.37,7.93
1 0.4,1.37,7.93
0 -0.8,1.37,7.93 2 0.4,1.37,7.93
0 -0.8,1.37,7.93
1 0.4,1.37,7.93
1 0.4,1.37,7.93
2 -0.8,1.37,7.93 1 0.4,1.37,7.93
0 -0.8,1.37,7.93
1 0.4,1.37,7.93
1 0.4,1.37,7.93
0 -0.8,1.37,7.93 1 0.4,1.37,7.93
0 -0.8,1.37,7.93
1 0.4,1.37,7.93
1 0.4,1.37,7.93
2 -0.8,1.37,7.93 1 0.4,1.37,7.93
0 -0.8,1.37,7.93
1 0.4,1.37,7.93
1 0.4,1.37,7.93
0 -0.8,1.37,7.93 1 0.4,1.37,7.93
0 -0.8,1.37,7.93
1 0.4,1.37,7.93
1 0.4,1.37,7.93
0 -0.8,1.37,7.93 1 0.4,1.37,7.93
0 -0.8,1.37,7.93
2 0.4,1.37,7.93
1 0.4,1.37,7.93
0 -0.8,1.37,7.93 1 0.4,1.37,7.93
0 -0.8,1.37,7.93
1 0.4,1.37,7.93
1 0.4,1.37,7.93
0 -0.8,1.37,7.93
0 -0.8,1.37,7.93
1 0.4,1.37,7.93
1 0.4,1.37,7.93
0 -0.8,1.37,7.93
0 -0.8,1.37,7.93
1 0.4,1.37,7.93
2 0.4,1.37,7.93 0 -0.8,1.37,7.93
0 -0.8,1.37,7.93
0 -0.8,1.37,7.93
1 0.4,1.37,7.93
1 0.4,1.37,7.93 0 -0.8,1.37,7.93
0 -0.8,1.37,7.93
0 -0.8,1.37,7.93
1 0.4,1.37,7.93
1 0.4,1.37,7.93 0 -0.8,1.37,7.93
0 -0.8,1.37,7.93
0 -0.8,1.37,7.93
1 0.4,1.37,7.93
1 0.4,1.37,7.93 0 -0.8,1.37,7.93
0 -0.8,1.37,7.93
0 -0.8,1.37,7.93
1 0.4,1.37,7.93
1 0.4,1.37,7.93 2 -0.8,1.37,7.93
0 -0.8,1.37,7.93
0 -0.8,1.37,7.93
1 0.4,1.37,7.93
1 0.4,1.37,7.93 0 -0.8,1.37,7.93
0 -0.8,1.37,7.93
0 -0.8,1.37,7.93
1 0.4,1.37,7.93
1 0.4,1.37,7.93 0 -0.8,1.37,7.93
0 -0.8,1.37,7.93
0 -0.8,1.37,7.93
1 0.4,1.37,7.93
1 0.4,1.37,7.93 0 -0.8,1.37,7.93
0 -0.8,1.37,7.93
0 -0.8,1.37,7.93
1 0.4,1.37,7.93
1 0.4,1.37,7.93 2 -0.8,1.37,7.93
0 -0.8,1.37,7.93
0 -0.8,1.37,7.93
1 0.4,1.37,7.93
1 0.4,1.37,7.93 0 -0.8,1.37,7.93
0 -0.8,1.37,7.93
0 -0.8,1.37,7.93
1 0.4,1.37,7.93
1 0.4,1.37,7.93 0 -0.8,1.37,7.93
0 -0.8,1.37,7.93
0 -0.8,1.37,7.93
1 0.4,1.37,7.93
1 0.4,1.37,7.93 0 -0.8,1.37,7.93
2 -0.8,1.37,7.93
0 -0.8,1.37,7.93
1 0.4,1.37,7.93
1 0.4,1.37,7.93
0 -0.8,1.37,7.93
0 -0.8,1.37,7.93
1 0.4,1.37,7.93
1 0.4,1.37,7.93
2 -0.8,1.37,7.93
0 -0.8,1.37,7.93
1 0.4,1.37,7.93
1 0.4,1.37,7.93
0 -0.8,1.37,7.93
0 -0.8,1.37,7.93 1 0.4,1.37,7.93
1 0.4,1.37,7.93 2 -0.8,1.37,7.93